time
0.0009704000000283486
0.0010467999999264066
0.001130900000021029
0.0012318999999934022
0.0013101000000688146
0.0013837000000194166
0.0014641000000210624
0.0015392000000247208
0.0016391000000339773
0.0017522000000553817
0.0017881999999644904
0.0018758999999590742
0.0020471999999926993
0.0020614000000023225
0.0021418000000039683
0.0023777000000109183
0.0023008000000572792
0.002381600000035178
0.0024526999999352483
0.002586199999996097
0.002633800000012343
0.002783600000043407
0.0027963999999656153
0.0029088000000001557
0.002959400000008827
0.0030848999999761872
0.0031087999999499516
0.003206599999998616
0.0032565000000204236
0.0033736999999973705
0.0035180999999511187
0.003616599999986647
0.0037588999999798034
0.0037109999999529464
0.0037755999999262713
0.003914699999995719
0.003967999999986205
0.004154100000050676
0.004234399999972993
0.0043014999999968495
0.004327699999976176
0.004396700000029341
0.004520700000057332
0.004546699999991688
0.004881899999986672
0.004785999999967316
0.004882199999997283
0.004933300000061536
0.004982599999948434
0.005593799999928706
0.005154700000048251
0.005245300000069619
0.005485600000042723
0.005460900000002766
0.005540900000028159
0.005741700000044148
0.005740500000001703
0.005875000000060027
0.005912899999998444
0.005988199999933386
0.0061854000000494125
0.00612839999996595
0.006352999999990061
0.006288799999992989
0.0064549999999599095
0.006453000000078646
0.007136500000001433
0.006545200000005025
0.00673380000000634
0.0067999000000327214
0.006846300000006522
0.009176799999977447
0.00695810000001984
0.008057099999973616
0.00785689999997885
0.007914999999911743
0.007476900000028763
0.007554099999993014
0.007515399999988404
0.007615800000053241
0.00770840000006956
0.00798700000007102
0.007888299999990522
0.008004300000038711
0.007996700000035162
0.008036400000037247
0.008189899999933914
0.008275599999933547
0.00835779999999886
0.008550899999931971
0.008687500000064574
0.008741700000086894
0.011831499999971129
0.009128600000053666
0.008820700000001125
0.009041000000024724
0.009080199999971228
0.011063700000022436
0.00914460000001327
0.009311900000056994
0.009334000000080778
0.009474400000044625
0.009629400000108035
0.009647599999993872
0.00972589999992124
0.009812399999987065
0.009930000000053951
0.010023100000012164
0.010269600000015089
0.010451400000079047
0.010312600000020211
0.010467000000062399
0.011214099999961036
0.01071589999992284
0.010845099999983177
0.010933899999940877
0.011053299999957744
0.011112099999991187
0.011037799999940034
0.011248399999999492
0.011353799999938019
0.011382000000025982
0.01152049999996052
0.01150889999996707
0.011628500000028907
0.011860400000045956
0.01181470000005902
0.011924600000043029
0.01283699999999044
0.012244500000065273
0.012159999999994398
0.012236799999982395
0.012313200000107827
0.012393699999961427
0.012535899999988942
0.012718300000074123
0.012773299999935261
0.012867099999994025
0.01286369999991166
0.012978800000041701
0.013076000000069143
0.013244900000017878
0.01320650000002388
0.013773499999956584
0.013545399999998153
0.013647999999989224
0.013615500000014435
0.013763699999913115
0.013870699999984026
0.014026700000044912
0.014041800000086369
0.015242900000089321
0.013951399999996283
0.014172199999961776
0.014282099999945785
0.014457899999911206
0.014605600000095365
0.014820800000052259
0.014818799999943622
0.01751369999999497
0.014463900000009744
0.01482530000009774
0.014801299999930961
0.014977799999996932
0.015009499999905529
0.015153700000041681
0.015211899999940215
0.01543760000004113
0.015480299999921954
0.015524799999980132
0.015631299999995463
0.01569080000001577
0.01603059999990819
0.0160556999999244
0.01643500000000131
0.01644680000003973
0.016511799999989307
0.01641630000005989
0.01669809999998506
0.01666120000004412
0.01669600000002447
0.016745600000035665
0.016839899999922636
0.01700689999995575
0.01692070000001422
0.017128700000057506
0.017433700000083263
0.017204700000093
0.01747869999996965
0.017432500000040818
0.017536500000005617
0.01774569999997766
0.017809300000067196
0.018499199999951088
0.017885399999954643
0.0180920000000242
0.01829090000001088
0.018200900000010733
0.018328999999994267
0.01833210000006602
0.01974140000004354
0.018813399999999092
0.01869910000004893
0.018825399999968795
0.018955699999992248
0.01908359999993081
0.01900239999997666
0.01918239999997695
0.019280400000070586
0.019318600000019615
0.019465800000034506
0.019565499999998792
0.019766399999980422
0.019728699999973287
0.019757799999979397
0.019972300000063115
0.019980099999997947
0.021975399999973888
0.02058799999997518
0.020675199999914184
0.02084100000001854
0.020855699999970057
0.02100319999999556
0.02112329999999929
0.021221700000069177
0.02124509999998736
0.020827100000019527
0.021432000000004336
0.021031600000014805
0.021145599999954356
0.02144220000002406
0.0213739999999234
0.02198180000004868
0.02249199999994289
0.021675599999980477
0.021713599999998223
0.022014799999965362
0.022011300000031042
0.022200599999905535
0.02219820000004802
0.023169700000039484
0.02240370000004077
0.0225826999999299
0.02255719999993744
0.022757500000011532
0.022783199999935277
0.02277080000010301
0.022946599999954742
0.023155000000087966
0.02310890000001109
0.02299670000002152
0.023340300000086245
0.028320000000007894
0.02369409999994332
0.02378410000005715
0.023816000000010717
0.023918800000046758
0.024032800000099996
0.02407570000002579
0.024094400000080896
0.024314900000035777
0.024345500000094944
0.024544699999978548
0.025385799999980918
0.024741299999959665
0.025895799999943847
0.024962000000073203
0.025089200000024903
0.02527349999991202
0.02525890000003983
0.025401999999985492
0.02521460000002662
0.025455200000010336
0.025591799999915565
0.02567250000004151
0.025795300000027055
0.025752799999963827
0.02599750000001677
0.02617129999998724
0.026208600000018123
0.026158699999996315
0.026404900000102316
0.02660209999999097
0.026626399999940986
0.026729100000011385
0.026735500000086176
0.02687629999991259
0.02684990000000198
0.026928600000019287
0.02691560000005211
0.027805099999909544
0.027324200000066412
0.027391399999942223
0.027444800000012037
0.027571899999998095
0.02763310000000274
0.02778519999992568
0.028147800000056122
0.02799640000000636
0.028154500000027838
0.02815910000003896
0.028401000000030763
0.028695200000015575
0.028327499999932115
0.028687600000012026
0.028712899999959518
0.028720300000031784
0.029505299999982526
0.02898240000001806
0.02897819999998319
0.02946580000002541
0.029390200000079858
0.02938249999999698
0.028580899999951725
0.03022800000007919
0.02987889999997151
0.03002660000004198
0.03006080000000111
0.03032410000002983
0.030403599999999642
0.030701199999953133
0.031542800000011084
0.030632399999944937
0.030700800000090567
0.03108950000000732
0.03107470000009016
0.03130939999994098
0.031201899999928173
0.03134449999993194
0.03147209999997358
0.031399899999996705
0.03169510000009268
0.031734400000004825
0.031906199999980345
0.031899999999950523
0.03207270000007156
0.03218209999999999
0.032314100000007784
0.032701400000064496
0.03231269999992037
0.032510100000081366
0.03239340000004631
0.03279239999994843
0.0329181999999264
0.03306680000002871
0.03328060000001187
0.033128600000054576
0.03340549999995801
0.03165110000009008
0.03268659999991996
0.0328949999999395
0.03316740000002483
0.03333039999995435
0.03333420000001297
0.03336349999995036
0.03337299999998322
0.033694299999979194
0.03370879999999943
0.03396229999998468
0.03431819999991603
0.0346562999999378
0.03421409999998559
0.034258799999975054
0.0343279999999595
0.03461799999990944
0.034670900000037363
0.03476260000002185
0.03511869999999817
0.034956899999997404
0.034964599999966595
0.035056300000064766
0.03513650000002144
0.03536400000007234
0.03559629999995195
0.035581399999955465
0.03581410000003871
0.03642519999993965
0.035983800000053634
0.03614279999999326
0.036149799999975585
0.03621819999989384
0.036142100000006394
0.03690999999992073
0.036760599999979604
0.036969499999941036
0.03661770000007891
0.036816799999996874
0.03700750000007247
0.03715720000013789
0.03752959999997074
0.037345500000128595
0.0373775000000478
0.03750680000007378
0.03771080000001348
0.03743660000009186
0.0380395000001954
0.039953800000148476
0.04095669999992424
0.041785800000070594
0.043537600000036036
0.043120999999928245
0.044354999999995925
0.044408900000007634
0.044589200000018536
0.045562399999880654
0.04613110000013876
0.04606369999987692
0.04619630000001962
0.0463443000001007
0.046535199999880206
0.04661559999999554
0.047517900000002555
0.046697200000153316
0.04716359999997621
0.04730460000018866
0.04709030000003622
0.04731620000006842
0.04779189999999289
0.04852670000013859
0.04629869999985203
0.047660599999971964
0.04795709999984865
0.04777489999992213
0.048176999999896
0.04820719999997891
0.048347500000090804
0.046957300000030955
0.04718449999995755
0.048967899999979636
0.04892659999995885
0.048842100000001665
0.04788120000011986
0.04941399999984242
0.05020579999995789
0.048290899999983594
0.04852260000006936
0.04991699999982302
0.04854399999999259
0.04864739999993617
0.05028010000000904
0.050007399999913105
0.04997559999992518
0.050461699999914345
0.04932149999990543
0.050627700000177356
0.04932989999997517
0.049661900000046444
0.04956130000005032
0.050226199999997334
0.04982479999989664
0.05137349999995422
0.05139089999988755
0.05021609999994325
0.050081500000032975
0.05051319999984116
0.052072899999984656
0.051629699999921286
0.05185320000009597
0.05092990000002828
0.052306499999986045
0.0507694000000356
0.05113559999995232
0.051340400000071895
0.053825499999902604
0.051754499999788095
0.051454100000000835
0.05190099999981612
0.05175039999994624
0.052345900000091206
0.052069600000095306
0.05230970000002344
0.05231890000004569
0.05241219999993518
0.05255369999986215
0.05276570000000902
0.052942199999961304
0.053167300000040996
0.053284699999949225
0.05456210000011197
0.053360899999916
0.053448599999910584
0.05368909999992866
0.053894900000159396
0.05390080000006492
0.05411770000000615
0.05431070000008731
0.05447390000017549
0.0546219000000292
0.0546191999999337
0.054665500000055545
0.054537499999923966
0.054285899999968024
0.05448830000000271
0.05738850000011553
0.057969700000057856
0.05439569999998639
0.0553164000000379
0.05389809999996942
0.05523440000001756
0.05421200000000681
0.05524919999993472
0.05571759999997994
0.055928800000174306
0.0547802999999476
0.055510099999992235
0.05638940000017101
0.05517250000002605
0.05644849999998769
0.05529270000010911
0.056142399999998815
0.05709559999991143
0.05703200000016295
0.057093399999985195
0.057126700000026176
0.057199299999865616
0.05943149999984598
0.05772799999999734
0.057523100000025806
0.05773279999993974
0.058045100000072125
0.05820410000001175
0.05829270000003817
0.05809629999998833
0.05845440000007329
0.058419299999968644
0.05876449999982469
0.05880200000001423
0.05909699999983786
0.059088900000006106
0.05909689999998591
0.0591537000000244
0.05927879999990182
0.059750200000053155
0.05963719999999739
0.05980700000009165
0.062437700000145924
0.060383200000160286
0.060314600000083374
0.06023729999992611
0.06081790000007459
0.0608302000000549
0.0607319999999163
0.06100719999994908
0.06100889999993342
0.06198820000008709
0.06115429999999833
0.06107589999987795
0.06125790000010056
0.06212649999997666
0.06163790000005065
0.06157600000005914
0.06196490000002086
0.06345360000000255
0.062169699999913064
0.06189079999990099
0.06225629999994453
0.06235159999982898
0.06255319999991116
0.06250169999998434
0.06256050000001778
0.06388970000011795
0.06326930000000175
0.06302950000008423
0.06308290000015404
0.06312389999993684
0.06352319999996325
0.06382880000001023
0.06362370000010742
0.06368760000009388
0.06370820000006461
0.06379409999999552
0.06390429999987646
0.06409680000001572
0.06400800000005802
0.0646116999998867
0.06446700000014971
0.06469240000001264
0.06480390000001535
0.06603710000013052
0.06597009999995862
0.06510260000004564
0.06565520000003744
0.06535359999998036
0.06574379999983648
0.06586300000003575
0.0656475999999202
0.06562549999989642
0.06584910000015043
0.06708489999982703
0.06648029999996652
0.06693829999994705
0.06656810000004043
0.06662150000011025
0.0665230000001884
0.06730779999998049
0.06710789999988265
0.06737759999987247
0.06746000000021013
0.06851640000013504
0.06900849999988168
0.06813469999997324
0.06903779999993276
0.06843309999999292
0.06811410000000251
0.07051820000015141
0.06824009999991176
0.06884459999992032
0.06920260000015332
0.06947629999990568
0.07114359999991393
0.0686731000000691
0.06884219999983543
0.07085899999992762
0.07091119999995499
0.07106829999997899
0.06971679999992375
0.06982809999999517
0.07148919999985992
0.07211449999999786
0.06979999999998654
0.07078999999998814
0.07327540000005683
0.07355600000005325
0.07246680000002925
0.07088369999996758
0.07054660000017066
0.07294210000009116
0.07126519999997072
0.07203259999982947
0.07134700000005978
0.07146979999993164
0.07149269999990793
0.07235700000001088
0.07205799999996998
0.07248739999999998
0.0737690000000839
0.07232550000003357
0.0729331000000002
0.07401240000012876
0.07242489999998725
0.07337250000000495
0.07428720000007161
0.07325620000005983
0.07320949999984805
0.07362790000001951
0.07373199999983626
0.0751273000000765
0.07625189999998838
0.07585590000007869
0.07345829999985654
0.07510359999992033
0.07374789999994391
0.075224100000014
0.07594440000002578
0.07431899999983216
0.07671829999981128
0.07490559999996549
0.07629789999987224
0.07521159999987503
0.07665359999987231
0.07595960000003288
0.07478330000003552
0.07841939999980241
0.07758239999998295
0.0783117000000857
0.07679030000008424
0.07605280000007042
0.07700750000003609
0.07721089999995456
0.07928229999993164
0.07925879999993413
0.0780409999999847
0.0782656000001225
0.07862619999991693
0.08032159999993382
0.07852630000002137
0.07882939999990413
0.0788307000000259
0.0792648999999983
0.079039499999908
0.07941940000000614
0.07942189999994298
0.08050520000006145
0.08045590000006086
0.08159420000015416
0.07892000000015287
0.08102800000006027
0.07818640000004962
0.0810762999999497
0.08040390000019215
0.08066529999996419
0.07885139999984858
0.08139110000001892
0.08108149999998204
0.08140370000000985
0.0810471999998299
0.0825236999999106
0.08176910000020143
0.08192899999994552
0.07993029999988721
0.08239049999997405
0.08232680000014625
0.08304449999991448
0.08231670000009217
0.08306870000001254
0.0823565000000599
0.0826236999998855
0.08042789999990418
0.08304950000001554
0.08099429999992935
0.08372519999988981
0.08283899999992173
0.08159709999995357
0.08337350000010701
0.08403980000002775
0.08156880000001365
0.08394010000006347
0.08400490000008176
0.08385539999994762
0.08413370000016585
0.0842337999999927
0.08542769999985467
0.08536709999998493
0.0847347000001264
0.08506239999996978
0.08255880000001525
0.08512620000010429
0.08511229999999159
0.08563739999999598
0.0833909999998923
0.08596850000003542
0.08581500000013875
0.08435330000020258
0.08476689999997689
0.08947269999998753
0.08626350000008642
0.08508389999997235
0.08692009999981565
0.08686459999989893
0.08481940000001487
0.08702939999989212
0.08722480000005817
0.0878696999998283
0.08720320000020365
0.08756500000004053
0.08698870000011993
0.08765670000002501
0.08763599999997496
0.08813280000003942
0.08784630000013749
0.08887290000006942
0.08912630000008903
0.08899550000001
0.09034559999986413
0.08879290000004403
0.09145139999986895
0.08938560000001416
0.09041050000018913
0.09027229999992414
0.09012059999986377
0.08990429999994376
0.09185100000013335
0.08985940000002302
0.09155540000006113
0.09125300000005154
0.09027709999986655
0.09052400000018679
0.09219060000009449
0.09331720000000132
0.09059000000002015
0.09120979999988776
0.09178610000003573
0.09206760000006398
0.09098280000011982
0.09156989999996767
0.09160980000001473
0.09206040000003668
0.09402849999992213
0.09178209999981846
0.09171390000005886
0.09318110000003799
0.09306889999993473
0.09300520000010692
0.0930243000000246
0.09493459999998777
0.09244119999993927
0.09350100000006023
0.09502910000014708
0.0939766999999847
0.09371940000005452
0.09636679999994158
0.09358390000011241
0.09622859999990396
0.09449560000007295
0.0949011000000155
0.09432430000015302
0.09846729999981108
0.09441390000006322
0.09764819999986685
0.09804409999992458
0.09459789999982604
0.09545719999982794
0.09548879999988458
0.09546650000015688
0.09580430000005435
0.09494539999991503
0.09587480000004689
0.09765969999989466
0.09639430000015636
0.09777450000001409
0.09696260000009715
0.10162110000010216
0.09767860000010842
0.09762060000002748
0.09809760000007373
0.09883420000005572
0.1030993000001672
0.10618649999992158
0.10266799999999421
0.10215590000007069
0.10271279999983562
0.10105750000002445
0.10119620000000396
0.10063500000001113
0.10672780000004423
0.11251700000002529
0.11422979999997551
0.1137120999999297
0.11590230000001611
0.10951249999993706
0.10712160000002768
0.10377089999997224
0.1046177999999145
0.10312810000004902
0.1021994000000177
0.103295800000069
0.10441529999980048
0.10243229999991854
0.10226280000006227
0.10595720000014808
0.10819139999989602
0.11097749999998996
0.10782449999987875
0.10559469999998328
0.10621909999986201
0.10610379999980069
0.10672859999999673
0.10453889999985222
0.10714529999995648
0.10785670000018399
0.10964660000013282
0.11045660000013413
0.11012619999996787
0.1289412999999513
0.11369340000010197
0.11246589999996104
0.10791830000016489
0.10738790000004883
0.10858839999991687
0.11033120000001873
0.11322059999997691
0.11123059999999896
0.1088191999999708
0.10915750000003754
0.10909060000017234
0.11355800000001182
0.11890220000009322
0.11317990000020473
0.11650970000005145
0.11784829999987778
0.12143569999989268
0.11889480000013464
0.12706730000013522
0.1253276999998434
0.1282402000001639
0.12405570000009902
0.12853420000010374
0.12780190000012226
0.12383130000011988
0.12483880000013414
0.1248388999999861
0.12715449999996054
0.13407489999985955
0.12607660000003307
0.12176899999985835
0.11797240000009879
0.1248105999998188
0.12547519999998258
0.12253929999997126
0.12267850000012004
0.1190295999999762
0.11516990000018268
0.11683149999998932
0.12383189999991373
0.12713510000003225
0.12418529999990824
0.11967959999992672
0.11983110000005581
0.11796690000005583
0.11656819999984691
0.11679669999989528
0.11834599999997408
0.11461300000019037
0.11517879999996694
0.11405569999988074
0.13826369999992494
0.1555243000000246
0.14448220000008405
0.13601159999984702
0.13170720000016445
0.14016970000011497
0.13454440000009527
0.148341500000015
0.15703400000006695
0.14395839999997406
0.1318883999999798
0.13465689999998176
0.13718599999992875
0.13159249999989697
0.1320991000000049
0.18959620000009636
0.19091150000008383
0.19269490000010592
0.18318070000009357
0.17214469999998983
0.1652380999998968
0.14192789999992783
0.1370283000001109
0.1373458999999002
0.1325881999998728
0.13429859999996552
0.1293166000000383
0.12992910000002666
0.12914039999986926
0.1277497000000949
0.12690619999989394
0.13555129999986093
0.13737109999988206
0.13973689999988892
0.1477116000000933
0.16138329999989764
0.17507999999997992
0.15270160000000033
0.16628490000016427
0.1998903999999584
0.17205600000011145
0.15785639999990053
0.14973589999999604
0.14968920000001162
0.16713930000014443
0.22535360000006222
0.2511557999998786
0.20737609999991946
0.17082689999983813
0.21859220000010282
0.19588389999989886
0.16652730000009797
0.15193460000000414
0.1440092000000277
0.14142649999985224
0.13723149999987072
0.13285719999998946
0.12951709999993
0.1297660000000178
0.13150569999993422
0.1354937000000973
0.1340227999999115
0.13028830000007474
0.14332250000006752
0.1362206999999671
0.14024000000017622
0.13822379999987788
0.13242439999999078
0.1384877000000415
0.13633100000015475
0.14587480000000141
0.15338240000005499
0.15408180000008542
0.14530949999993936
0.14689210000005914
0.1546415000000252
0.15295430000014676
0.14530559999980142
0.140897300000006
0.14087970000014138
0.15006910000010976
0.15586880000000747
0.1462587999999414
0.15015429999994012
0.1574359999999615
